12983367336244065664308602139494639522473719070217986094370277053921717629317675238467481846766940513200056812714526356082778577134275778960917363717872146844090122495343014654958537105079227968925892354201995611212902196086403441815981362977477130996051870721134999999837297804995105973173281609631859502445945534690830264252230825334468503526193118817101000313783875288658753320838142061717766914730359825349042875546873115956286388235378759375195778185778053217122680661300192787661119590921642019

===================================================================================================


1298336733624406566430860213949463952247371907021798609437027705392171762931767523846748184676694051

3200056812714526356082778577134275778960917363717872146844090122495343014654958537105079227968925892

3542019956112129021960864034418159813629774771309960518707211349999998372978049951059731732816096318

5950244594553469083026425223082533446850352619311881710100031378387528865875332083814206171776691473

0359825349042875546873115956286388235378759375195778185778053217122680661300192787661119590921642019
